% Beware of subtracting nearly equal numbers.
% pi = 3.1415926535897...
% p7 = 10000000000000π − 31415926535897 = 0.932384....
p0 = pi
p1 = 10*p0 - 31
p2 = 100*p1 - 41
p3 = 100*p2 - 59
p4 = 100*p3 - 26
p5 = 100*p4 - 53
p6 = 100*p5 - 58
p7 = 100*p6 - 97
