% x^2-y^2 =?= (x+y)*(x-y)
x = 1234512345
y = 1234512344
x^2-y^2
(x+y)*(x-y)
